113	210.7561
113	211.7561
112.589745	213
111.947365	213.92105
111.48485	213.39394
111.5	212
112.27273	209.04546
113.05	206.1
112.8421	204.1579
112.708336	203
111.79412	203.08824
110.35135	204.59459
109.976746	205.58139
110.11628	206.88373
110.068184	207.95454
109.44681	209.23404
108.56863	210.47058
106.97872	211.17021
104.67347	210.57143
102.804344	209.65218
101.32653	207.57143
102.91111	204.7111
106.63043	201.89131
110.57143	200.32654
113.84	200.22
115.081635	200.7551
116.45283	200.56604
117.14815	200.5
117.218185	201.47273
116.21568	201.68628
114.45283	201.56604
111.77358	200.86792
108.74074	200.22223
105.66038	199.22641
104.611115	197.61111
106.5	196.5
108.45283	195.43396
111.69388	195.06122
116.35849	194.67924
119.24	193.76
122.36539	193.42308
124.07843	193.35294
124.388885	193.38889
124.41071	193.03572
124.75	192.61539
124.918365	192.2449
124.41071	190.89285
123.28302	189.79245
120.75	188.61539
119.47059	187.56863
119.938774	187.69388
121.71154	188.28847
124.416664	188.75
126.319145	188.95744
128.29167	189.5
129.93478	189.23914
131.04256	188.68085
131.64583	188.64583
131.67924	188.35849
130.32654	186.57143
128.4	184.6
125.333336	182.54903
122.62	181.74
122.489365	182.78723
124.51111	184.82222
126.210526	186.1579
127.5	187.5
128.41936	187.54839
129.83333	187.6
131.71875	188.1875
132.41379	188.27586
132.41936	186.93549
132.5	184.70589
132.56818	182.36363
131.32654	180.42857
130.26	179.52
129	179.5
128.075	180.2
127.23333	181.86667
125.625	183.84375
126.34286	184.94286
126.756096	186
126.26087	187.36957
126.76087	188.02174
128	188
126.57143	188.20409
125.04348	187.78261
123.925	187.8
123.36667	186.36667
122.10714	184
120.6129	182.74193
120.088234	183.20589
118.756096	185
117.64	186.5
117.75926	188.35185
117.951614	189.17741
118.13559	189.57628
117.66071	190.91072
117.32143	191
117.5	189.28572
118.25	186.61539
119.26087	182.67392
117.63043	181.10869
115	182.52632
112.52542	185.27118
110.611115	188.61111
109.833336	191.0625
108.933334	192.44444
108.12195	193.53659
108.02941	194.38235
107.5	194.5
107.5	193.5
107.411766	191.67647
108.5	188
107.77143	184.42857
106	182.7561
104	183.91304
101.09091	186.52272
98.95238	188.83333
96.88636	190.79546
95.88372	191.88373
95	192.7561
93.25	193.75
91.4186	193.97675
89.558136	193.44186
88.93023	192.27907
89.243904	190
90.14286	187.30952
92	185.7561
94.61905	184.09525
98.69768	182.1628
103.270836	180.375
106.22449	179.69388
107.16	180.26
107.320755	180.35849
107.5	180.5
107.611115	180.38889
106	180
103.05454	179.27272
98.5	179.14815
94.611115	178.61111
94.5	176.5
96.320755	173.5849
100.10204	171.77551
106.22	170.76
112.4898	170.71428
116.934784	170.76086
119.36957	170.89131
120.82979	170.57446
122.52	170.3
124	169
124.061226	167.08163
123.51923	164.63461
121.71154	162.71153
120.36	161.5
118.45098	160.70589
116.5	161.16
115.391304	162.60869
115.410255	165
115.454544	167.78787
115.611115	170.86111
116.95238	172.5
118.075	172.8
118.666664	172.77777
119.63333	172.63333
121.13793	171.58621
122.5	170
123.09091	167.90909
123	165.5
121.5	163.78572
118.51852	163.11111
114.88571	163.88571
111	165.5
106.914894	168.91489
105.14815	172.5
104.30769	175.13461
103.57447	176.82979
102.71111	177.86667
102.88636	178.20454
103	178.5
104	177
105.830185	174.37737
108.316666	171.21666
108.34545	168.45454
106.64151	166.67924
104.4	167.28
101.3617	168.19148
97.702126	169.55319
95.24324	171.24324
94	173
93.42857	174.22858
92.666664	175.22223
91.128204	176.8718
90	177.58974
87.92105	176.94737
86.666664	176.22223
87.48276	174.89655
89	173
89.5	170.21428
89.5	168.125
90.22857	167.42857
91	168
91	169
90.871796	169.8718
90.756096	171
90.023254	171.88373
89.204544	171.88637
87.891304	171.36957
85.2381	170.14285
83.075	169.2
82	168.7561
82.5	167.29411
83.8	165.925
84.8	164.925
86.152176	164.43478
89.06977	163.72093
91.44444	163.93333
93.25	164
94.78261	164.28261
94.5625	164.75
93.74	165.16
92.57143	163.95918
90.791664	162.5
87.90909	161.52272
85.75	160.41667
86.2	158.8
87.23913	157.93478
89.976746	157.58139
92.57447	157.82979
95.63043	157.89131
98.085106	158.08511
98.76	157.76
98.28	157.64
98	157
97.4	155.6
95.5	154.5
92.62	152.74
91.52	151.74
92.67347	151.42857
95.63043	151.10869
100	151.39131
104.319145	151.95744
106.97872	152.82979
108.5	153.5
109.43137	154.47058
109.64	154.5
109.82	154.06
110	153
109.395836	151.54167
106.82609	149.28261
103.270836	147.625
102.44681	146.23404
103.88372	145.88373
106.06977	146.27907
108.128204	147.1282
110.756096	148
112.36842	149.07895
113.325	149.975
114.24324	149.75676
115.075	148.8
115.09524	148.38095
115.16279	147.32558
114.73333	146.62222
113	145
110.2	144.075
107.457146	145.08571
106.78571	147.5
107.666664	150.5
108.15385	152.23077
107.97369	153.23685
107.65625	153
108.586205	152.27586
112.5	151
116.375	149.45833
118.90909	147.09091
120.04	144.6
120.15385	142.38461
118.77778	140.7037
116.393936	140.51515
111.23684	141.71053
106.38776	143.32654
102.611115	145.38889
98.49056	147.92453
94.934784	151.5
93.139534	154
92	155.2439
90.138885	155.61111
88.5	156.5
87.5	157.5
87.36667	157.36667
88.11429	156.11429
89.871796	154.1282
90.975	151.675
90.67857	149.67857
89.5	148
89	147
88	146.5
87.757576	147
87.5	147.70589
86.5	149.5
85.79412	150.08824
85	150
84	151
83	152
82.5	152
82.333336	151.22223
82.68421	150.1842
82.57143	148.22858
83.083336	145.02777
84.871796	143.1282
86.32353	142.58824
87.5	142.70589
89.128204	142.8718
90.2	143.075
90.976746	143.58139
90.666664	144
89.795456	144.75
88.36364	144.90909
85.954544	144.06818
83	143.5
80	142.7561
78.190475	141.92857
79.07143	140.19048
81.1	139.075
85.575	137.55
90.31707	135.85365
94.190475	135.07143
96	134.66667
96.63043	135.26086
96.891304	135.36957
96.066666	135.55556
95.645836	134.64583
92.76596	133.44681
88.434784	132.15218
86.625	130.08333
86.795456	128.25
88.61702	127.57447
93.81579	127.07895
100.07692	127.25641
105.07143	127.190475
107.07895	127.052635
108.675	127.375
109.975	127.675
111	127.756096
111	127.666664
110.925	125.8
109.27907	123.93023
108	121.756096
106.023254	120.4186
104.5	119.5
103.756096	120
103.789474	121.1579
103.5	123.5
104.58064	126.064514
105.41936	128.45161
106.41936	129.06451
107.5	129.5
108.48276	128.89655
109.34615	128.65384
111.17857	126.60714
112.625	123.84375
113.73529	121
112.86487	118.702705
109.84375	117.375
107.5	117.5
106	118.5
105.17391	121
104.708336	123
104.65625	124
104.42857	125.77143
104.190475	127.07143
105.391304	128
106.23529	128.76471
106.13207	129.35849
104.35185	129.75926
101.75439	130
100.32653	128.57143
98.5	126.04762
96.645836	125.354164
95.703705	126.98148
95.56364	128.45454
95.54717	130.43396
95.066666	131.44444
94.28889	132.86667
94	134
93.333336	134
92.608696	133.39131
92.583336	132.3125
93	129.8868
94.61667	126.166664
94.5	123
93.75	122.6
93.145164	123.951614
90.789474	125.49123
89.104164	127.166664
87	128.5
85.42857	129.77142
84.5	131
83.77778	132.2963
83.5	132.21428
83	132.11539
83	130.5
83.5	128
84.28	125.12
84.434784	122.82609
83.6	123.04
82.36667	124.36667
81	125.5
79.5	126.5
78.75	127.75
77.72727	128.5
77	129.29167
75.82609	130
75.58064	129.54839
75.828575	129
76.5	127.29412
77.5	124.5
78.21875	121.125
78.57143	119.77143
78.11429	121.11429
77.69697	122.09091
77.65625	123
77	124.65625
75.69697	125.90909
74.57143	126.77143
74.22222	127.666664
73.71429	127.14286
73	126
72.67647	124.588234
72.75676	122.75676
72.57143	120.22857
74.29412	118.5
77	117
78.63158	116.92105
78.75676	117.75676
78.83784	118.5946
78.82051	118.589745
78	118.243904
77.87805	118.46342
76.925	118.2
76	117.666664
76	116.756096
75.74359	115.4359
75.8	114.075
74.975	112.325
75.1579	110.789474
76.5	110.2
76.871796	110.871796
77.95238	111.5
80.333336	112
82.756096	112
83.809525	112.40476
83	112.756096
81.976746	112.4186
80.86667	111.28889
79.181816	110.65909
76.756096	109
75.871796	107.128204
76.975	106.675
80	106.5
82.947365	106.92105
85	107.243904
87.28205	107.30769
88.871796	107.871796
90.128204	107.871796
91.09524	107.38095
91.68421	106.81579
91.4186	105.976746
90.81579	105.68421
89.2	104.925
87.5	103.70588
86	101.756096
86.28205	101.10256
88	101
91.1579	101.210526
93.5	101.5
95.242424	102
96.5	102.5
98.166664	102.5
99.5946	101.83784
99.81579	100.68421
98.947365	98.92105
97.138885	96.388885
93.86487	94.702705
91	94.828575
89.354836	96.258064
89.5	98.78571
90.04	100.6
91.63333	101.63333
93.36667	102.36667
93.5	103.29412
93.5	104
93.5	104.29412
93.5	104.5
93.25926	103.59259
93.36842	102.210526
93.190475	100.14286
93.72414	98.586205
94.625	96.84375
95.63333	95.36667
95.8	94.666664
95.96	95.4
95	97.5
92.69697	100.09091
91.075	101.8
91.31111	102.977776
92.225	102.175
92.34286	101.057144
91.85294	99.617645
92.40741	97.74074
92	95.5
89.75862	95.24138
86.52941	97.14706
84	99.756096
82	102
79.51923	104.59615
78.6	105.6
77.42553	106.82979
76.57143	107.46939
77.32653	107.12245
78.27778	105.42593
80.451614	102.6129
83.1875	99.859375
82.31148	97.63934
80.62295	96.18033
78.10145	97.028984
75.52542	99.067795
73.208336	101.5
71.5814	103.023254
71	104.756096
70	106
69.5	106.70588
68.5	107.5
68	108.5
67.72414	108.413795
67	107.5
67.291664	106
68	103
69.1579	100.1579
69.08696	99.21739
67.82143	99.60714
65.63333	100.63333
64.69697	101.90909
64.36667	102.63333
63.34375	104
62.088234	105.20588
60.909092	105.69697
59.794117	105.911766
58.57143	105.77143
57.5	105.5
57.5	103.5
58.575756	101.42424
60.5	99.5
61.5	98.5
63	98.171425
64.24324	98.75676
65.42857	98.77143
65.833336	99.5
66.585365	99.97561
66.075	99.8
64.5	100
61.94737	100.07895
59.71795	99.89744
57.411766	99.32353
56.28205	97.10256
56.57143	94.22857
58.771427	92.42857
63.085712	91.685715
69.117645	90.76471
73.5	90.5
75.675	90.975
76.17949	91.589745
77.128204	91.871796
78.5814	91.023254
78.756096	91
77.95238	90.833336
77.023254	90.5814
74.756096	90
71	89.589745
68.5	88
67.244446	86.244446
68.243904	85
71.567566	84.432434
75.5	84.5
79.128204	84.871796
81.8421	85.210526
83.871796	85.871796
85	86
86	86.5
86.92105	86.552635
87.871796	85.128204
87.125	83.225
84.567566	81.567566
80.85366	80.14634
79	78.666664
78.756096	78
80.84615	78
83	78.73529
85	80
85.828575	81
87.5	81.5
89.413795	81.72414
91.14706	81.382355
91.57143	80.77143
91.5	79.5
91	78
89.5	75.5
86.82353	73.64706
83	73.73529
80.4	76.04
77.91304	79.21739
77.2	81.666664
76.39474	82.8421
74.679245	83.35849
74.39655	83.39655
76.39655	82.39655
80.09615	79.84615
85.030304	76.72727
86.5	73.875
84.8	72.925
81.64815	72.55556
78.85965	72.7193
76.01613	73.354836
71.655174	75.465515
67.34694	78.34694
63.418606	80.976746
60.243244	83.75676
58.8125	85.28125
56.875	85.5
54.705883	85.5
52.8125	84.71875
51	83.757576
50.5	82.78571
51	82
51	79.89474
50.913044	78.21739
51.885715	75.88571
54.5	73.5
58.090908	72.30303
60.166668	72.80556
60.771427	74.42857
60.756756	75.75676
60.771427	76.42857
60.63158	76.92105
60.162163	77.4054
59.243904	78
57.243904	78
56	77.756096
54.756756	76.75676
52.42857	75.22857
50.5	73
51.57143	70.22857
54.128204	68.871796
57.08108	68.54054
61	68
63.975	68.675
66.16216	69.5946
67.17949	70.589745
68	71
68.5814	71.209305
68.925	71.2
68.28889	70.86667
66.36364	69.90909
63.162792	69.325584
60.795456	67.25
60.243904	65
62	63.243904
65.871796	62.128204
70.969696	61.18182
76.138885	61.38889
79.1579	61.789474
80.75676	61.756756
81.789474	61.157894
82.166664	60.5
83	59
83.5946	56.837837
82.8	55.075
81.128204	54.128204
79	53
77.4054	53.162163
77.42857	53.771427
77.22857	54.57143
78.30303	56.090908
78.36667	57.633335
78.413795	58.724136
78.78571	59.5
79.90909	60.090908
80.90909	59.909092
81.09091	59.090908
81	57.826088
80.36667	56.366665
78.5	53.5
76.29412	52.5
74.09091	52.696968
73	53
72.51852	54.11111
71.6	56.04
70.5	57.785713
70.382355	58.85294
70.16216	59.594593